01010100 
01010100 
01010100 
00000100 
00000100 
00000100 
00010000 
00010000 
00010000 
01000000 
01000000 
01000000 
00011000 
00011000 
00011000 
00100100 
00100100 
00100100 
01100000 
01001000 
01001000 
01100000 
01100000 
10011000 
10000100 
10000100 
10000100 
10010000 
10010000 
10010000 
01010100 
01010100 
01010100 
00000100 
00000100 
00000100 
00010000 
00010000 
00010000 
01000000 
01000000 
01000000 
00011000 
00011000 
00011000 
00100100 
00100100 
00100100 
10100100 
01001000 
01001000 
01100000 
01100000 
01101000 
10000100 
10000100 
10000100 
10010000 
10010000 
10010000 
10110000 
01000000 
11000000 
00000100 
00000100 
00000100 
00000100 
00000100 
00000100 
00010000 
00010000 
00010000 
00010000 
00010000 
00010000 
01000000 
01000000 
11100000 
01000000 
00110000 
00001100 
00001100 
00001100 
00110000 
00110000 
00110000 
11000000 
11000000 
11000000 
01011100 
01110100 
11010100 
00001100 
00001100 
00001100 
00110000 
00110000 
11000000 
11000000 
00101100 
00111000 
10001100 
11001000
