00010100
01000100
01010000
01011000
01100100
10010100
01011000
01100100
10010100
01011000
01100100
10010100
00010100
01000100
01010000
00010100
01000100
01010000
01010000
01000100
01010000
00010100
01000100
00000000
00010100
01000100
01010000
00010100
01000100
01010000
00001000
00100000
10000000
00101000
10001000
10100000
00101000
10001000
10100000
00101000
10001000
10100000
00001000
00100000
10000000
00001000
00100000
10000000
00000000
00100000
10000000
00001000
00100000
00000000
00001000
00100000
10000000
00001000
00100000
10000000
00000000
01110000
10000000
00011100
00110100
01001100
01110000
11000100
11010000
00011100
00110100
01001100
01110000
11000100
11010000
11010000
01001100
00000000
11000100
10000000
00010100
01000100
01010000
00010100
01000100
01010000
00010100
01000100
01010000
00000000
00000000
00000000
00001000
00100000
10000000
00001000
00100000
00001000
00100000
00000000
00000000
00000000
00000000
   